26
6.1358 6.08684 11.2564
6.20328 6.07182 11.0952
6.27733 6.04343 10.9365
6.26468 5.92255 10.7455
6.33882 5.89391 10.5863
6.46834 5.87747 10.2598
6.44553 5.77278 10.0626
6.30005 5.63855 9.81768
6.25652 5.69918 9.43196
6.18903 5.72756 9.2934
6.47381 5.77496 9.13581
6.24671 5.79538 8.86685
6.21938 5.90984 7.92662
6.64201 5.94413 7.14542
6.85778 5.89905 6.65842
7.10069 5.77984 6.1789
7.25485 5.58871 5.65372
7.45956 5.29339 5.13891
7.31626 4.86847 4.49758
7.53363 4.55492 4.19114
7.7879 4.3711 4.0652
7.91753 4.19692 3.94554
7.91608 4.014 3.78882
7.78861 3.83571 3.62788
8.03811 3.47874 3.43407
7.91811 3.30083 3.29702
