0 1 1 111 29
1 1 1 100 30
2 2 2 100 40
3 6 6 100 60
4 24 24 111 51
5 120 120 100 50
6 720 720 130 60
7 5040 5040 120 50
8 40320 40320 110 50
9 362880 362880 109 49
10 3628800 3628800 100 50
11 39916800 39916800 110 50
12 479001600 479001600 120 70
13 6227020800 6227020800 120 50
14 87178291200 87178291200 110 50
15 1307674368000 1307674368000 120 60
16 20922789888000 20922789888000 120 50
17 355687428096000 355687428096000 110 50
18 6402373705728000 6402373705728000 110 50
19 121645100408832000 121645100408832000 131 71
20 2432902008176640000 2432902008176640000 140 60
21 14197454024290336768 14197454024290336768 129 51
22 17196083355034583040 17196083355034583040 160 50
23 8128291617894825984 8128291617894825984 130 70
24 10611558092380307456 10611558092380307456 140 60
25 7034535277573963776 7034535277573963776 140 70
26 16877220553537093632 16877220553537093632 130 50
27 12963097176472289280 12963097176472289280 110 50
28 12478583540742619136 12478583540742619136 140 69
29 11390785281054474240 11390785281054474240 140 70
30 9682165104862298112 9682165104862298112 130 70
31 4999213071378415616 4999213071378415616 110 60
32 12400865694432886784 12400865694432886784 120 50
33 3400198294675128320 3400198294675128320 120 51
34 4926277576697053184 4926277576697053184 130 50
35 6399018521010896896 6399018521010896896 151 89
36 9003737871877668864 9003737871877668864 130 70
37 1096907932701818880 1096907932701818880 140 89
38 4789013295250014208 4789013295250014208 140 80
39 2304077777655037952 2304077777655037952 120 60
40 18376134811363311616 18376134811363311616 120 80
41 15551764317513711616 15551764317513711616 150 80
42 7538058755741581312 7538058755741581312 130 70
43 10541877243825618944 10541877243825618944 150 60
44 2673996885588443136 2673996885588443136 130 60
45 9649395409222631424 9649395409222631424 160 90
46 1150331055211806720 1150331055211806720 150 90
47 17172071447535812608 17172071447535812608 130 60
48 12602690238498734080 12602690238498734080 150 70
49 8789267254022766592 8789267254022766592 160 90
50 15188249005818642432 15188249005818642432 130 70
51 18284192274659147776 18284192274659147776 140 70
52 9994050523088551936 9994050523088551936 140 80
53 13175843659825807360 13175843659825807360 149 89
54 10519282829630636032 10519282829630636032 140 70
55 6711489344688881664 6711489344688881664 149 69
56 6908521828386340864 6908521828386340864 130 70
57 6404118670120845312 6404118670120845312 160 110
58 2504001392817995776 2504001392817995776 140 80
59 162129586585337856 162129586585337856 130 80
60 9727775195120271360 9727775195120271360 150 70
61 3098476543630901248 3098476543630901248 160 70
62 7638104968020361216 7638104968020361216 160 70
63 1585267068834414592 1585267068834414592 150 80
64 9223372036854775808 9223372036854775808 150 100
65 9223372036854775808 9223372036854775808 140 80
66 0 0 150 80
67 0 0 160 100
68 0 0 140 90
69 0 0 180 110
70 0 0 150 90
71 0 0 150 90
72 0 0 180 110
73 0 0 150 90
74 0 0 189 91
75 0 0 150 90
76 0 0 130 90
77 0 0 151 91
78 0 0 170 110
79 0 0 151 111
80 0 0 170 120
81 0 0 170 100
82 0 0 160 100
83 0 0 170 100
84 0 0 169 100
85 0 0 170 120
86 0 0 170 100
87 0 0 170 100
88 0 0 160 100
89 0 0 169 100
90 0 0 180 100
91 0 0 180 110
92 0 0 180 110
93 0 0 190 130
94 0 0 180 110
95 0 0 170 110
96 0 0 160 110
97 0 0 180 110
98 0 0 190 110
99 0 0 180 111
100 0 0 180 140
101 0 0 180 120
102 0 0 180 110
103 0 0 190 120
104 0 0 190 140
105 0 0 180 109
106 0 0 190 120
107 0 0 630 150
108 0 0 190 130
109 0 0 180 120
110 0 0 190 120
111 0 0 190 130
112 0 0 169 120
113 0 0 190 120
114 0 0 189 131
115 0 0 200 130
116 0 0 200 130
117 0 0 191 131
118 0 0 170 130
119 0 0 190 130
120 0 0 190 130
