1000 1 1 1 4861549 347200 41790
1400 1 1 1 8303380 596210 62220
1800 1 1 1 15106588 1008790 77290
2200 1 1 1 20616008 1564220 95200
2600 1 1 1 29628807 2178860 115700
3000 1 1 1 39962966 2884500 132100
3400 1 1 1 48374695 3829500 149929
3800 1 1 1 67132913 8528829 231020
4200 1 1 1 76520282 5659330 201689
4600 1 1 1 97363320 6863019 199110
5000 1 1 1 108922779 8263969 370660
5400 1 1 1 125657927 9728399 260380
5800 1 1 1 148097354 10670739 253100
6200 1 1 1 179235521 21992798 370190
6600 1 1 1 200532579 20334317 388140
7000 1 1 1 216964707 17034598 365380
7400 1 1 1 243437304 17274678 323810
7800 1 1 1 264266072 20634038 375840
8200 1 1 1 294713259 21540157 363091
8600 1 1 1 329429865 24774487 408440
9000 1 1 1 359041881 26017167 433300
9400 1 1 1 391140658 34263346 477340
9800 1 1 1 422308394 35956887 431460
10200 1 1 1 444926793 33474796 461040
10600 1 1 1 483747769 38213356 619390
11000 1 1 1 519807805 42094445 500690
11400 1 1 1 558474500 50184585 508040
11800 1 1 1 592771097 42805056 527109
12200 1 1 1 715902194 56844194 720900
12600 1 1 1 691003086 52890774 552520
13000 1 1 1 730862243 55353474 581310
13400 1 1 1 769534349 58252543 601211
13800 1 1 1 848442100 71542292 644780
14200 1 1 1 939915080 86494061 778660
14600 1 1 1 914806113 69356633 655420
15000 1 1 1 967045598 77718932 664930
15400 1 1 1 1040873421 85448211 711840
15800 1 1 1 1121001132 86250521 756549
16200 1 1 1 1169141027 98356060 768760
16600 1 1 1 1252359839 116373028 860750
17000 1 1 1 1356391858 123895007 1034080
17400 1 1 1 1537247950 125001657 1099860
17800 1 1 1 1572246967 111092638 867540
18200 1 1 1 1530270302 130649946 891260
18600 1 1 1 1582155876 149216574 1128660
19000 1 1 1 1751412469 168251593 1201790
19400 1 1 1 1756671529 128314046 879511
19800 1 1 1 1688371977 136587056 903790
