1000 1 1 1 3281290 45450 59140
1400 1 1 1 5002419 52880 95420
1800 1 1 1 8753779 84260 114800
2200 1 1 1 15324129 83311 117211
2600 1 1 1 17244138 104860 146610
3000 1 1 1 23264447 129570 174920
3400 1 1 1 29463217 137780 194770
3800 1 1 1 36723226 168500 219670
4200 1 1 1 52334685 189560 268590
4600 1 1 1 53706244 190880 299000
5000 1 1 1 66723533 220250 304990
5400 1 1 1 77296022 231110 340930
5800 1 1 1 87287191 258589 370269
6200 1 1 1 98902859 294710 374920
6600 1 1 1 124073937 300269 420520
7000 1 1 1 124835386 332450 469550
7400 1 1 1 154960452 335969 489869
7800 1 1 1 168955691 334910 514020
8200 1 1 1 196695018 369460 577550
8600 1 1 1 227459965 471150 657100
9000 1 1 1 210268666 404871 574460
9400 1 1 1 242763513 425500 608990
9800 1 1 1 253777023 433691 649710
10200 1 1 1 282555609 464110 678380
10600 1 1 1 312066706 481970 702030
11000 1 1 1 332463663 521811 752889
11400 1 1 1 345625272 549380 772300
11800 1 1 1 384103018 587400 842720
12200 1 1 1 400863276 757540 994490
12600 1 1 1 429932513 700400 1007900
13000 1 1 1 465614709 614210 938410
13400 1 1 1 475258768 644240 924130
13800 1 1 1 518769894 771119 1075969
14200 1 1 1 552637469 686110 986760
14600 1 1 1 578252796 848150 1210720
15000 1 1 1 623269422 710700 1036360
15400 1 1 1 649103579 716520 1061010
15800 1 1 1 696226794 855000 1252350
16200 1 1 1 738694429 794780 1134570
16600 1 1 1 762906978 796559 1210720
17000 1 1 1 819515381 833160 1164710
17400 1 1 1 838741879 873660 1179280
17800 1 1 1 901589152 894319 1286670
18200 1 1 1 924065691 909140 1325670
18600 1 1 1 963611466 907490 1504110
19000 1 1 1 1032645368 967090 1349410
19400 1 1 1 1089839712 1141400 1661650
19800 1 1 1 1133045898 974140 1363950
