1000 1 1 1 898990 310540 34600
1400 1 1 1 2018020 684210 51300
1800 1 1 1 3131560 1048750 72560
2200 1 1 1 4970019 1492410 83740
2600 1 1 1 12901058 3790310 134180
3000 1 1 1 8807390 2898639 108840
3400 1 1 1 17493158 3488100 127350
3800 1 1 1 28612497 7055559 181149
4200 1 1 1 18025578 5987970 216100
4600 1 1 1 20860198 6793869 190670
5000 1 1 1 23289108 7786379 219550
5400 1 1 1 36188636 10437679 233710
5800 1 1 1 42180776 12640878 226340
6200 1 1 1 57517684 14159768 221820
6600 1 1 1 47417275 15837268 262030
7000 1 1 1 63502823 15370068 269320
7400 1 1 1 59318034 17610538 274540
7800 1 1 1 90040311 23701847 383730
8200 1 1 1 72216963 26119337 295020
8600 1 1 1 80076602 23785798 353499
9000 1 1 1 92613970 29680837 349030
9400 1 1 1 92687360 29707097 371470
9800 1 1 1 97995140 32342987 370530
10200 1 1 1 113651049 38353816 507509
10600 1 1 1 162748383 37296546 408460
11000 1 1 1 133603146 39084616 443370
11400 1 1 1 136677226 45205995 472720
11800 1 1 1 151706134 49367515 475950
12200 1 1 1 166177784 48673674 584279
12600 1 1 1 276080512 62842723 617060
13000 1 1 1 375510731 92374651 730510
13400 1 1 1 255114224 61452624 517350
13800 1 1 1 282376411 74148563 744820
14200 1 1 1 240820496 83451171 711410
14600 1 1 1 299224039 101382690 1010200
15000 1 1 1 412677418 86186991 571540
15400 1 1 1 279305741 78543723 631669
15800 1 1 1 307478769 86765131 630380
16200 1 1 1 315730988 97727580 632240
16600 1 1 1 307429648 101991209 838610
17000 1 1 1 411062058 118423478 694400
17400 1 1 1 407633989 110052109 715980
17800 1 1 1 460369634 119146678 702009
18200 1 1 1 486742050 151728295 955540
18600 1 1 1 524347098 124968067 787590
19000 1 1 1 596183300 184590181 981010
19400 1 1 1 591213250 146872015 1001730
19800 1 1 1 626792607 147012105 797270
